100 49
1 2
1 3
1 8
1 21
1 59
2 6
4 10
5 12
5 13
6 15
6 86
6 88
7 11
7 19
7 41
7 61
9 45
11 85
12 79
14 17
15 23
15 38
17 92
18 98
21 25
21 93
22 30
22 33
22 69
24 31
28 36
32 54
33 55
39 40
39 64
40 62
41 52
43 100
45 82
46 67
47 76
53 63
58 65
63 83
64 84
66 75
67 90
70 74
70 94
863853569 663351529 11441386 38977875 649804834 101832069 789671048 930146066 697036005 890639145 345924740 382345721 721942993 97862042 769277252 493803295 880133151 161620794 312890042 235582679 217761820 81135126 412002546 617964044 469552897 874709607 66121684 506714660 373193610 638083497 9490905 779850247 593226539 166527520 736954284 175144943 276467397 722654503 584983543 674983572 490810455 9460548 986905000 123136800 918406885 898516985 226326715 665282605 396091656 579661938 208612954 209028463 909189984 910058899 508260614 645279785 334174769 321893350 556858249 837100473 450447644 955596914 166293525 233851670 672758532 614863338 324750493 608317057 766168776 937836003 625081498 994546688 132985441 503517907 668309478 839749714 793360825 575836056 489483992 880224160 383129913 706105807 883129133 15563872 811212894 504249211 459773354 64725596 103414653 769379838 631258885 751010883 236681013 110704284 277375286 262206949 175796037 230618497 695997273 999703840