100 49
1 2
1 3
1 4
1 11
1 14
1 48
2 5
2 6
3 19
3 24
4 45
6 7
6 16
6 37
7 17
10 50
14 33
14 84
14 87
15 42
16 18
17 67
18 30
19 55
19 100
22 39
25 29
28 56
29 41
29 94
31 35
31 58
33 70
34 49
35 44
35 61
36 68
40 73
47 59
48 76
52 85
56 65
62 97
66 71
66 99
71 74
71 91
77 90
84 86
164390714 299601741 753330846 350299171 246498867 186926417 33648190 371702188 203502006 707872792 479473241 206585469 493928931 892870473 501725269 285075688 827852527 974435811 564954971 327274162 341113013 918662821 518408646 897415394 264147065 438734278 742838180 876563050 960395439 599962842 663390451 607720279 459295140 501296466 758044437 221779393 162682652 108438388 279037888 460502099 870049589 379687733 333278999 376482613 600741212 424763965 700493687 967104776 819609350 951775173 58835749 7158024 634196361 858987401 993656146 580752143 803809824 670997284 120328462 856266019 367451895 51532828 966154669 17055091 839749508 34300784 723264812 132233248 408354023 215000114 819998676 35801491 379915803 308080254 330960543 942214881 608574767 459574775 330937751 382622304 823018192 169930189 651220051 850201317 203179611 2971986 840878963 698778294 685269731 931542336 415090706 279911659 732703634 929241435 726409301 131265641 796862992 434773792 797303127 637801112