1000 507
1 2
1 7
1 26
1 207
1 370
2 3
2 17
2 317
2 463
3 12
3 36
4 15
4 19
4 99
4 121
5 20
5 62
5 583
6 23
6 50
6 284
6 350
7 38
7 308
7 462
8 178
8 756
9 332
10 77
11 898
12 14
12 27
12 408
13 16
14 22
14 45
14 845
15 271
16 31
16 41
17 46
18 25
18 177
19 54
19 80
19 137
19 216
19 235
19 279
19 502
21 34
21 201
23 84
24 30
24 188
24 637
25 73
25 124
26 42
26 102
29 232
29 442
31 33
31 181
31 407
32 51
32 83
33 130
34 171
36 64
37 57
37 63
37 94
37 198
38 67
38 74
38 293
39 44
39 187
40 131
40 215
40 663
40 876
41 787
42 58
42 90
43 184
44 265
45 422
46 349
47 151
47 310
47 644
47 722
49 71
49 72
49 101
49 524
50 183
50 386
50 680
51 56
51 196
51 964
51 996
52 203
52 295
52 483
53 613
54 209
56 161
56 197
56 761
61 263
62 89
62 144
62 174
62 518
63 76
63 994
64 258
64 319
66 909
66 987
67 112
67 759
67 799
67 974
68 109
68 471
68 557
68 836
69 225
69 593
70 321
73 75
73 79
73 129
73 205
75 82
76 165
76 267
76 387
77 261
78 160
80 179
80 464
82 91
82 251
82 432
83 117
83 220
84 133
85 735
86 176
88 169
89 127
90 259
90 753
91 132
91 326
92 397
92 470
93 678
93 856
95 106
96 227
97 327
98 145
98 204
98 480
99 224
100 564
101 698
102 156
102 282
103 155
104 517
105 128
106 360
106 985
107 142
108 300
109 314
111 118
111 122
111 153
112 170
113 574
113 658
114 115
114 381
115 305
117 150
118 275
120 134
120 703
123 850
124 924
125 951
127 140
128 859
128 1000
129 375
130 159
130 309
130 342
131 166
131 632
132 341
132 954
134 516
135 466
135 635
135 727
136 167
136 236
136 404
136 428
136 437
138 257
138 379
139 312
142 297
145 210
146 454
148 700
149 476
149 657
153 913
154 168
154 194
154 244
154 586
155 241
156 315
156 788
159 324
161 172
164 195
165 429
165 507
171 260
171 450
172 245
174 298
175 281
176 363
177 717
179 549
181 320
183 348
183 960
184 400
186 253
187 430
190 276
190 749
192 329
193 719
194 641
195 639
195 814
196 702
200 606
200 969
202 394
203 212
203 440
204 491
205 854
206 647
207 338
208 494
209 237
210 447
210 611
211 907
212 340
214 553
216 273
217 575
218 378
221 527
221 544
223 230
223 371
223 805
224 750
224 966
226 998
231 504
231 992
232 239
234 256
235 599
235 923
236 822
237 911
238 345
240 720
242 803
244 419
245 792
247 266
247 689
250 311
251 376
252 679
253 306
260 505
260 971
266 443
267 776
268 346
269 303
270 325
272 512
275 369
275 746
279 316
280 357
283 336
283 773
286 331
286 439
287 318
287 509
288 322
288 547
289 648
290 569
291 591
294 728
297 441
298 380
298 594
300 695
303 618
304 382
304 489
309 625
309 704
310 628
310 818
312 423
313 860
314 738
314 808
316 764
319 565
321 519
322 631
323 409
325 758
327 477
327 522
328 584
328 713
329 455
333 543
333 718
334 914
335 523
337 927
338 595
340 355
341 461
343 548
349 767
350 457
354 665
355 748
359 460
360 920
365 390
365 603
368 425
373 853
376 795
377 514
378 431
383 550
385 403
385 842
385 918
386 798
395 410
396 426
397 656
398 910
401 775
403 415
403 474
404 810
404 965
405 542
406 867
406 942
407 475
407 526
408 624
409 529
410 535
411 645
412 458
419 619
419 621
423 741
425 551
429 445
430 473
430 681
432 878
441 534
446 605
448 991
453 485
459 629
462 732
465 582
469 800
473 757
474 692
477 676
478 500
479 506
479 585
484 640
488 875
490 895
497 533
502 950
503 699
505 769
507 511
507 570
509 781
514 615
516 612
517 521
517 848
519 642
522 563
523 946
524 541
527 880
528 558
530 908
536 828
538 962
540 562
540 939
546 940
548 683
551 578
558 588
561 841
566 931
572 784
572 869
574 655
575 596
576 687
584 745
586 630
590 896
601 765
607 819
608 834
622 941
630 659
634 771
640 660
643 929
644 837
647 936
648 737
651 664
651 826
661 672
666 723
671 890
680 710
687 812
716 824
717 763
729 967
734 864
739 877
739 975
744 830
746 755
771 947
775 912
787 903
793 806
796 843
807 844
825 968
828 925
836 900
844 981
859 899
864 881
889 952
950 986
615174033 89554437 608661681 772647430 844812644 731439019 481258181 971794576 323270784 80279820 807716358 525009197 765806036 787255900 493104600 955928497 802430178 664149563 636646391 164840278 909123879 647521411 925770408 478466537 89875631 730833327 282863431 221549900 385643049 280393606 142173212 453910321 969403219 941669116 810926631 944265574 530322246 351876626 297341136 797354579 387020991 744014968 176988042 367513228 93664218 435561863 747431139 901802894 621870618 993327137 454984294 389069924 439307017 876775800 772822284 361429077 997449435 140375121 239554333 755835921 366610799 689292150 862796810 890331441 721038027 833710066 394580915 356901290 497979336 245551668 812762063 873310891 42260231 981108166 265127168 567365626 256719406 720847787 812830179 869413490 413613248 932151097 133895895 817162652 941350980 899256074 406717624 110562494 973121278 866001094 479489502 227165791 273175121 167549129 389846163 454920710 763752117 823088534 810186302 847465017 480028498 153677999 705839349 543229297 768259596 221555751 870027571 349164964 944804742 243563287 196053577 144805808 242646206 497361856 894155512 631129830 764040620 868697862 589951886 334052823 832165293 351600375 373821893 519474858 969471815 399512626 202742272 769186695 388269592 723566172 80975375 830242542 365101954 823711277 944928733 923945508 351020635 708518645 90452254 870280652 157617230 565979773 747914988 349350792 458394725 612395150 264491663 126482109 246825414 573653804 355114053 688411538 291250184 609508023 872221599 318224548 387708855 498337758 840544751 659624378 214376286 395284789 920923047 140609297 312005454 180438386 369794360 376661000 222502831 510346075 100091967 85186141 307999076 966494951 132213909 541807382 435135772 181171830 288031776 33110443 863894259 690741154 842604923 637224407 986969765 99493755 112658078 737431563 569894195 754670645 427625497 67072150 113319013 683960798 823326617 49927865 303218224 100929324 677942255 809181784 285538107 902501790 578593397 953151407 276774956 783854618 507938741 656494874 566967264 147102661 452160868 412936687 316648674 698313208 264382123 929971294 287637782 178216553 695753136 890716400 837426370 794369902 424868007 633135269 732225535 711934148 225372889 412060263 970414188 666541667 288581838 69326916 905329895 77636127 661722787 30179273 739906720 435035482 196634487 11264076 847555990 497647689 5791354 66084033 243779177 657689678 458723120 650609275 440900498 478791046 210805352 772250620 803226997 412838104 669115457 512536647 701513961 970981871 244357892 180656015 769733482 534467082 804156322 439403440 270505860 48124532 851055078 582085254 159223516 292995034 837352333 73722975 974222560 607149701 454375839 17913376 404211101 780030346 292411269 861542786 222655421 814616972 375112029 554647496 538404380 455405374 347710730 301564454 172751559 300404521 282316418 107907713 76505408 653699755 891228686 784791220 484774131 849070685 901170545 690445033 70610889 148470671 54977453 480412178 793384926 819751496 131020767 970326796 621499597 395015706 907187461 698314381 818317627 311108640 746072266 286488618 518155505 943468910 465739248 746237403 221857173 758371069 370230593 408949352 450170448 698225876 780543602 375653383 634399425 922550011 999663727 479219770 71015830 13667805 759715198 3850833 239736120 802047215 922756984 446638696 854127291 809158796 170467512 172709061 550339278 803457109 265120818 353863375 883224238 631421157 573361758 541614018 869200577 274604245 696377147 871270804 590230791 778273218 773747659 282008228 43621804 889617005 521013106 20890967 169999411 848603186 993281985 545133790 607224109 939611531 975578888 239012705 473853545 498097602 584012366 408292615 964851481 282282500 181604784 477736004 885335150 667088107 128851477 49250213 311225759 555924373 561024765 750880373 309889135 171706826 553956461 594730842 229277143 454835631 850313592 250618594 994466974 465359199 656172549 561082445 373414512 932784908 160473745 141765695 192519336 978937419 892206461 641040935 567847286 625025446 503866055 38855161 310628409 280620546 187539094 744142700 842782769 915017758 326530842 852353476 986002901 734252084 819207021 478610613 85345061 986796170 313770978 922157930 900501334 373655985 376366072 418447882 551073221 974150765 862452730 139346576 661190111 713434139 626846251 841241470 37305531 139437135 394199062 458692034 154304412 243071129 234165639 565566358 139814126 37207430 754938296 571199305 75222753 915191386 393687129 78606771 481760103 849300886 736623410 413961049 922607283 342261390 595180105 373930309 806296295 141783289 846122982 361780514 492170467 967929513 470856717 883792747 787851330 150957935 178901061 155136720 533796935 204162583 463184300 461869939 857290466 417689648 140306286 776648849 218617037 285672016 503398187 323728515 299142257 975089014 224031485 234514205 693078130 923450977 640811617 242763967 310182996 487657027 20800243 816236176 844372399 887898391 549045588 125968214 236863931 623574443 974154024 183377006 826886342 465215886 595042221 980850722 713368290 980979754 594447226 726165592 82573310 341601593 561339260 532300470 981215189 451174098 716843126 412084466 315832072 602341613 186056945 139195251 284445420 401164968 887311262 724456575 965550773 846928094 384315535 404585428 507036141 138353278 449408026 264585707 547771214 756913126 103680233 88735159 441763425 419376514 154802063 21128246 324338848 354679862 513380790 823596483 369670421 214008576 557947647 220631639 34342012 251658312 519638941 813540368 922069319 738593453 851129428 927707772 954991101 358685804 432105461 376745426 148127300 528220729 592331655 838928870 851937877 519640054 98772440 744801792 925284939 964135814 952986790 777464629 554095243 707803958 323533609 529448947 77524097 766491006 537053249 493414471 751637445 180902212 941652479 67480637 545606392 132734177 759647275 956409906 271267521 482766279 751224860 592080384 870131182 974379684 850127112 177987422 807509109 533647990 803435816 257743631 561878136 912107388 196025112 296562526 220075429 752390693 111599735 647886470 450488514 470893212 236483527 999088915 484935396 903522299 19831131 40498698 755966790 525085976 893885666 515774572 425029208 245479604 592083205 411959500 251237499 33488952 363022399 137950820 582630065 242279950 671540240 146791107 409692204 219247084 346436103 874990792 765082174 467373847 684491831 362414796 467928274 341319700 459210006 463032162 255224978 689621174 12375459 546079212 333726652 934131072 753803408 411683790 735093378 648041393 762265377 500948455 147795339 85273533 310210170 115746678 936571482 307756517 623507959 550795063 216777594 634125940 784458367 917654756 818799933 796736759 494922720 243933151 310842330 817745012 72537076 170730980 860122399 169068570 484356689 305778859 827017559 511190742 821801682 494789790 708296262 722280431 349284066 10672378 584897367 506324261 843119852 338416152 489446333 728456613 558588914 258820138 974337820 941427946 71497103 964295147 896806001 637774761 877570559 504746999 314522405 501691788 353141260 823131483 109334111 692760854 868226011 232657850 962522958 4134777 48789191 375324623 397582121 673758890 568585151 563808427 599121720 2009229 179574125 156019943 649271216 19081886 168898671 399745794 448086108 250109737 477732838 751537822 32521069 576986796 466511118 215641809 642481968 520705934 281269624 675609664 279614303 363654434 409122756 243680787 722076186 467245854 911955009 49337822 379219027 593369590 386894794 410372271 87593521 448425791 194111385 384252025 750830370 491669868 909341460 890254336 47380786 745446419 24807176 194046444 634614505 182830746 342015118 227866153 204026630 14070448 844819827 8786763 27779382 251910888 90268524 304873576 480566958 911842918 458143635 324269789 242026148 208943710 769955981 758545307 709433638 492184102 480672173 443040378 915092653 168606912 164922431 22624852 979301358 738714803 764025825 2700262 967263649 230985150 439445642 651015780 343527156 535158845 934493489 470698323 192082462 895951539 436321618 133131552 692636162 384044348 106599090 531616909 606138183 702086570 517160589 240423354 387988843 1449017 971377987 242701451 564277642 937163059 981893441 958497890 139773777 746653808 770513285 138397527 232883648 901954841 678715197 845444945 631296803 163852360 868172744 115541137 787652057 689924667 31852378 605301026 700473147 48521591 718264321 372920114 325836320 374632739 175599061 253652207 792271380 187339149 6357898 349398269 879890479 891236020 760255005 937258695 418778985 858687670 13926608 455833894 425475125 508030448 653000925 241809480 565175374 750451576 724970587 751624509 315607676 649787509 579724889 323445344 191923854 926922810 421057991 391523525 661680371 470709706 635328191 708683662 62693035 56790475 216474293 773556771 149640764 603309433 234340590 640399005 335915307 506656471 350006704 642519889 986693871 261735473 22118016 622253067 650903025 732780404 837020589 146513037 888313959 159045906 959645504 560475368 8255986 568242084 997884429 371556361 21595894 88121550 666760949 912240045 239500238 253291795 324904244 327325282 405307553 815796059 815381023 428579820 149820545 729712336 315694943 91190120 896404830 635205878 224038341 639053845 471792337 527065287 258109347 686410146 160531148 31287041 139377901 923350574 184591604 469883925 846960991 993807261 505473262 382754696 818013411 556320103 983811993 207543086 211901406 809344899 713375177 140371824 731564350 842968988 490677966 985717441 10445288 729404635 577581331 150416268 726622136 774888490 200486596 74602965 641784914 639565192 458906410 830482987 758092475 191636895 466749226 812554861 522069998 575887174 794309611 367502546 423446480 768578495 468822925 721965751 739320703 473614045 843553069 8613426 896179387 913250716 28410326 128417432 540573957 633798131 291163701 553284488 437713057 422246138