1000 498
1 2
1 7
1 28
1 42
2 5
2 109
2 705
3 741
4 17
4 22
4 187
5 6
5 14
5 27
5 49
5 51
5 147
6 71
6 75
7 55
7 126
7 168
8 239
8 260
9 12
9 66
9 167
9 323
11 23
12 74
12 266
12 274
12 802
12 870
13 178
13 360
14 47
14 111
15 19
16 143
18 206
19 388
20 565
21 37
22 173
23 73
23 151
23 785
24 135
24 322
25 62
26 286
26 396
27 38
27 43
27 68
27 199
28 30
28 495
29 34
29 105
30 63
30 100
30 427
32 91
32 544
33 35
33 40
33 114
34 629
34 782
36 336
39 52
39 236
40 54
40 590
41 79
42 160
42 392
43 233
43 470
44 48
44 596
45 691
46 69
46 331
46 429
47 108
47 227
52 102
53 202
53 991
54 76
54 183
54 339
54 577
55 58
55 120
56 85
57 61
60 84
63 661
63 928
64 261
64 469
65 96
65 180
66 234
66 491
66 639
67 175
68 83
68 255
68 291
68 793
69 77
69 117
69 740
70 209
71 112
72 107
72 208
72 318
74 731
75 481
76 560
77 330
77 580
77 673
78 456
80 95
81 306
81 631
82 113
83 362
83 524
85 399
85 455
85 492
86 857
88 299
88 708
88 861
89 942
92 372
92 494
93 99
93 397
93 530
94 121
96 156
96 625
97 293
98 189
99 154
99 460
100 203
100 653
100 836
102 604
103 264
103 303
103 902
105 221
105 770
107 973
108 148
109 473
112 130
112 197
112 226
113 172
115 124
116 341
117 214
117 972
118 141
120 232
121 324
121 415
122 967
124 369
125 190
127 381
128 163
128 518
130 170
130 220
130 490
131 308
132 241
133 969
134 283
134 412
135 224
135 247
135 270
136 564
137 157
137 368
139 169
139 195
139 252
140 258
141 416
142 395
143 391
143 407
143 409
143 428
147 363
148 611
149 280
150 219
150 311
150 344
151 250
151 262
151 486
152 237
153 479
153 713
154 259
154 898
155 605
159 365
162 254
162 712
163 961
164 379
165 271
167 638
171 186
175 505
176 349
176 814
178 610
178 620
178 627
181 569
182 196
183 328
186 430
187 188
190 200
190 300
190 307
190 656
191 389
191 727
193 335
193 663
194 312
196 218
196 683
198 269
199 213
202 358
202 520
204 522
204 899
205 843
207 376
208 534
209 366
211 223
211 848
211 997
213 225
214 845
215 754
216 217
217 735
219 751
219 821
221 434
224 835
225 420
226 993
228 235
228 373
233 688
233 803
235 406
236 787
246 796
247 872
248 477
249 516
249 804
249 963
250 374
250 818
256 333
258 621
260 575
263 869
264 410
264 958
266 463
267 403
268 288
272 573
273 295
273 313
275 461
277 609
278 445
281 633
285 498
285 723
288 554
290 539
292 446
294 309
294 640
297 398
297 846
297 884
297 986
298 933
300 352
302 319
302 558
303 371
303 451
303 506
305 920
308 745
313 877
318 811
319 353
319 557
321 588
326 706
332 965
334 541
334 749
336 355
336 637
338 466
342 459
344 689
345 386
345 591
346 840
350 542
353 487
353 567
354 675
362 393
367 509
371 471
372 628
374 767
376 599
377 414
378 512
380 968
383 780
383 891
386 390
388 452
388 931
393 649
396 648
400 636
402 467
402 576
403 507
403 995
404 562
407 820
410 478
410 515
410 555
413 704
418 734
419 533
420 903
420 975
421 892
422 447
426 521
426 553
427 701
436 642
439 862
439 887
443 465
444 980
447 853
449 953
460 513
464 608
464 917
465 519
467 837
472 694
474 765
478 904
479 736
481 726
489 744
491 551
496 650
497 725
497 826
500 703
501 784
503 615
505 570
507 815
508 737
509 809
515 715
519 531
521 603
525 692
532 775
537 601
537 682
537 946
538 923
541 807
548 598
548 990
550 800
552 742
552 981
560 709
560 716
561 655
562 789
564 699
568 841
569 868
570 721
573 657
586 719
591 881
593 654
593 748
595 687
605 644
607 652
608 664
610 676
614 988
619 867
623 911
625 885
626 743
630 863
631 764
632 955
639 760
641 786
644 678
646 956
653 844
653 895
658 733
666 771
675 817
682 813
687 702
688 829
688 921
698 805
699 871
702 773
714 982
716 989
718 930
719 952
725 778
726 879
728 994
734 992
736 901
743 798
756 951
756 998
760 996
764 799
767 838
773 914
774 873
781 878
807 886
815 897
839 880
854 865
855 978
901 925
910 984
923 929
858630952 300173841 352756211 300635873 339407364 392657745 83793043 196190400 657064944 915088051 719836094 303428037 552204387 947476589 286789881 942870443 458720223 698336825 906956679 971294571 272708344 367195316 875593223 366442155 820554389 94146033 428995893 806737897 537385702 430072407 508222136 64988652 728106948 187636185 10508890 514323124 448285488 259158883 567796143 164296708 18609729 538954834 49584021 928378568 943619842 323033660 808815440 9537544 409089703 666794406 428567475 495294447 167503061 223194564 168107815 52988966 898954762 433784169 889872567 947315324 130296400 362598098 489292738 806338063 743507583 910223682 881059983 342160378 128187407 406082073 650213938 27440498 279411747 588130457 501772279 424074293 494916704 45203236 789361498 151155835 319692396 488719798 672115114 504785303 917414656 536595174 665784005 20513603 503342078 592004448 368260297 791255205 306935873 578986985 34377900 814054971 453362979 443113656 116757752 201744916 423241396 893396947 610392054 858363869 740184111 258324439 255424381 323473336 473728854 219734557 476205686 844803164 293219346 690139228 518810071 309200514 585828487 177155970 959507683 994868322 82898207 639937063 764472900 500849061 511827860 918235239 747157572 467810530 321691222 501178806 846295118 36680505 691083248 914410855 876247054 60278694 858915188 618321429 386078185 335957619 626562274 678388869 593883719 628498435 87872289 957453153 561104013 175791439 118028364 258832051 547983060 262692299 328700275 469871263 740582076 277564786 513339701 456677979 847505326 342771073 96194959 304661025 298062201 970755993 930192461 177915397 218461579 662305072 290104119 990376274 743889809 556389022 285343599 494035170 778318568 942916049 954456404 653448250 681421027 820418949 145192281 251235291 420883879 584707444 880825808 528180520 25104922 513385562 148221006 540557871 578477100 236311920 737855268 754415080 651470340 188054478 106781443 813499837 660648481 566292808 234898818 783917547 769377496 718378325 876453786 826781308 501627762 354363651 853974351 725748254 372516316 307722642 878650689 179410771 375022051 372032333 342856693 591913579 946145710 902905764 683070436 347460861 654421877 690552101 237166298 87772309 995380731 641959502 746966722 886124183 571039092 530808952 123905325 705040277 644811336 926677033 660307266 772826387 371238429 760824589 372805236 877492129 862920533 498091054 778430366 479179026 183140785 431094747 129812811 31073107 436085505 321052302 634425940 337299858 551944500 288232621 976976238 170384397 153831651 440165418 531995870 643187391 668607828 45375931 805824753 798989012 737416478 424165353 663443764 315083325 260077803 98786319 751215651 840814639 631006723 651396825 406881611 709574518 472100018 508638678 771232838 199625425 491293127 748344562 761275843 183092621 815435836 31100726 574728143 304476213 212396779 657119172 314526813 696764860 993755832 935552783 542835249 8249616 649295490 201375970 345724500 201724048 716945214 674132811 968572772 690177662 591429846 442103669 187753472 865105331 448519171 650260571 851327479 693550200 653711528 162967995 142545743 422945616 416735501 915601499 406774923 9518379 354389832 751414324 544979325 84285682 66584218 851649828 867135565 238104087 850978901 822953107 888996866 579516645 574590831 302596103 734520496 476917434 935294252 66142080 824761815 477347316 601991781 28822643 960772423 335113171 166768032 477641252 168254740 490376976 939367355 79257688 762799597 519150535 713734984 171170583 260224979 944435353 725074 370347171 181079092 526268213 556412816 420503847 263024270 208758495 305863552 862777287 261819643 19674408 66642333 226573738 139736099 181427487 595242953 617276383 812586817 871105246 510896891 647770702 198174805 294191506 165837600 873647655 209320963 328156041 159370573 738213487 779263455 419998711 279469591 439632834 355523057 342080847 87731965 935094057 375731484 424329654 206960058 940144982 86808283 969118466 132462893 27091707 359910491 128540283 375351168 669690286 262435215 834480659 981510579 835968132 632563285 732333284 550145878 541203854 182649645 877131947 401100050 776619389 424386917 438026981 564743605 539190163 909667210 224276473 231186806 601294646 777058778 977996440 489279117 928423441 210726837 281691583 46144279 883515262 973286309 821624784 682956621 129034439 115330642 223725542 999304620 62162229 399331224 241948815 774232818 273816840 754917497 631191153 323048229 837241307 153267413 127435321 312418342 502325520 967874381 874957767 822933510 935988566 591294111 864124522 361165787 741316368 394792510 669098494 423069768 23414342 343518579 514443226 897848380 929600688 601810690 682899313 326697414 701164746 536532862 514639217 670979421 885057342 161811120 398650079 287381869 116197923 510316837 958533272 880461229 103042011 870676832 12868629 257130957 112304244 592140104 957724550 376037440 551648162 877922082 993528105 238342324 295848805 979399319 977197771 811956308 821840597 725448788 464115107 681611262 902763671 664628307 740581205 583934408 607350536 863114283 59954711 242786736 386639284 56916711 515774545 410673557 505533564 533636056 938686941 490986003 812198923 354208115 796700930 418907485 780720789 651064421 900430509 178868856 239001137 155556299 449476256 849780315 9132545 787559791 197475953 728999767 919413597 320323742 676247879 49275336 869590936 294601131 967751496 310652944 912295546 440254974 110719479 789381950 949742827 429018060 477561618 511906054 538614551 547955390 497852089 390006100 983169640 133856108 808887041 810573680 191929084 352123653 324113455 42775034 905351566 352656963 271218787 605735777 110653586 572746509 538637387 23839785 31138530 963157091 816243099 648072599 113261407 705812642 837745844 922846878 722917306 449086213 935063389 911241007 926488324 389516438 371640286 338342869 77256559 994002617 548544178 436224239 726125709 829389461 32945973 543313919 994803586 986787303 992706262 505739302 82246437 999092656 626384781 927631222 800495476 831738223 795734683 627937190 698659387 552646066 472236596 8691006 142971333 764165865 696689301 345830064 867426260 86530404 443851469 383099464 376485890 168540637 680888257 315527952 683995535 990787177 586490765 45114069 703984773 785668941 976189174 313891176 726140344 364393756 623025272 355932108 775171456 886308615 279190251 871338412 123299871 514916921 214810280 354043705 110265286 419238257 739279504 834207673 65759910 481160051 987473176 62029016 5628349 106016155 160650038 67256362 36834446 469020728 714763905 576904922 196383707 947776203 596419383 991318023 577313115 712024034 308464957 404300677 784020098 841361356 402815619 118329464 522521816 94136973 564171950 164320065 312234692 176369877 782869704 530682489 763960544 73696136 536109320 141737045 370411324 539657289 55764205 659643272 946170300 516635995 790137088 900518699 15383256 237712310 251731366 283456345 388880902 736047800 351486796 828240829 957825930 929232534 79918999 498085045 297824217 35655094 266425263 908499325 395176566 852887997 337300575 947253860 768371911 843094919 11759280 823169033 877701041 940024329 508145349 45461191 203517854 361324770 367436307 296630495 69721361 127569577 541837054 735185345 444786757 693825466 772924944 772613689 911197070 473981911 556807590 564096297 834612522 894919830 156187986 831109707 692448885 584516638 823139709 997876525 149533267 501160645 906399793 251605834 965364731 331715908 418259439 787911845 788025299 416825111 422701654 483316231 632904047 688178975 439071383 926728710 392928185 684390871 875010199 55744014 811322760 594879505 756930749 489547504 54525566 105867875 267745740 659559239 33804662 438255889 553185487 924683599 67118025 921475716 771591452 308236833 910478520 910311638 117948945 847883435 598276307 961950269 905753465 765772255 301031884 695062187 861122357 767655201 126131181 429560805 484385755 584882614 431992268 389940739 967673318 814605480 906937919 800687124 823811909 956454828 449282719 897406614 984045699 830571420 929505813 965395574 924141762 760672183 807493993 435658670 799366581 524693408 732687870 581672488 252310566 542045599 614317527 364466114 237102291 922649465 346210773 662571652 76071930 166037439 354574947 85696423 388885960 276680918 992967908 709187237 152771483 768233444 431725347 991865943 641487641 126427829 703010308 96836491 718512445 710947755 423705876 458437808 105866017 263479824 800052699 710111287 776873256 325750182 459990767 957887253 857757503 102940919 33467375 762083600 679954166 294423897 115410307 385003718 261178753 821198669 816322169 929497652 488962808 73573887 244312143 24110531 86001078 691249946 412603852 448257426 639845924 103590701 528208412 865888667 796116903 105087443 702001597 589963781 796344303 767047428 478884308 291354959 118272461 81093742 571117807 768880143 401044105 864369689 244414058 359588856 664632348 780785341 430011435 598984499 473429089 625865276 31332634 245152485 304578564 867138484 538539935 478438115 41836521 740484173 91762456 875217179 428340935 462026401 958751968 621954008 66825312 940775198 30104300 170987746 968989396 984386377 849159335 749519808 919513586 358253564 48913836 433548867 963205774 406247851 306610743 775584697 960204306 112979659 655389566 180771417 190859636 386987431 666800144 721990441 306434859 678331645 928551391 532824589 570928151 808863769 48907200 712615082 958149401 439498111 893607953 638296473 848346052 382114978 980611062 587010931 32558993 284433314 611666937 72463768 92398210 224885923 783705274 75800708 885227172 828068196 211442270 737615492 39232472 562711025 4148677 409213275 9748471 616791612 981965398 175406935 179907247 3147470 365185275 78180759 234476119 316063075 808076829 427512350 923896811 849462899 481115514 647100639 736034263 914592818 410450855 402626664 56289015 737998735 2892297 241521714 730557443 86878173 247987769